Forecast_Hour,scenario_1,scenario_2,scenario_3,scenario_4,scenario_5,scenario_6,scenario_7,scenario_8,scenario_9,scenario_10,scenario_11,scenario_12,scenario_13,scenario_14,scenario_15,scenario_16,scenario_17,scenario_18,scenario_19,scenario_20,scenario_21,scenario_22,scenario_23,scenario_24,scenario_25,scenario_26,scenario_27,scenario_28,scenario_29,scenario_30,scenario_31,scenario_32,scenario_33,scenario_34,scenario_35,scenario_36,scenario_37,scenario_38,scenario_39,scenario_40,scenario_41,scenario_42,scenario_43,scenario_44,scenario_45,scenario_46,scenario_47,scenario_48,scenario_49,scenario_50,scenario_51,scenario_52,scenario_53,scenario_54,scenario_55,scenario_56,scenario_57,scenario_58,scenario_59,scenario_60,scenario_61,scenario_62,scenario_63,scenario_64,scenario_65,scenario_66,scenario_67,scenario_68,scenario_69,scenario_70,scenario_71,scenario_72,scenario_73,scenario_74,scenario_75,scenario_76,scenario_77,scenario_78,scenario_79,scenario_80,scenario_81,scenario_82,scenario_83,scenario_84,scenario_85,scenario_86,scenario_87,scenario_88,scenario_89,scenario_90,scenario_91,scenario_92,scenario_93,scenario_94,scenario_95,scenario_96,scenario_97,scenario_98,scenario_99,scenario_100
1,534.4028904255033,138.3568258235689,553.7408600656756,387.03392276237196,685.5499527196533,239.1828655919836,651.5742242860845,463.3083627327101,707.3228543800665,392.1546741483135,413.83156090554303,665.4302996127327,411.3217158636892,712.6395973484864,649.564126739266,578.6590171434057,902.8604931373907,436.78673020014185,416.97049055670914,595.4520252865848,541.9498651926929,179.4838010922478,635.0925237305921,1013.1129317835032,0.0,667.5106315312908,340.4210399918733,135.93687634428667,856.5421726682557,838.4241428491912,26.91227836510859,530.3128289012469,429.5021553260636,0.0,0.0,113.32501831675779,54.29173298912963,379.54999210434937,0.0,190.4273509843779,421.72263253872217,819.0280456714568,68.02787361531676,692.0540273088578,830.5893930654743,527.6650278193206,300.51404523106595,0.0,0.0,1099.928620995097,549.7507249496723,284.1617827196225,404.80810795003373,430.8215016287104,642.0980731341508,709.9467470161376,13.976628237593673,178.1896979309707,0.0,0.0,163.8325320866169,513.3544756258752,386.9881731413626,633.5561762417879,397.35977579528884,141.5349438325693,0.0,387.9359826417041,284.4595907729434,544.9312460521348,0.0,371.7179645315573,692.9894003014447,493.39421154688273,626.0191757940102,811.5866576272265,625.1034432556886,545.5693467843034,25.425565468919046,187.10758329960237,0.0,774.0421055139504,560.2525040927255,429.1263444830438,546.3079797267649,1236.981428095305,893.592833743741,397.1707323953199,455.1338096223829,372.0297433675013,0.0,205.01853886900545,820.1895579001838,478.04824764865134,28.2825080791701,0.0,0.0,90.99473576311283,235.0487622978381,150.18013086032184
2,508.39158530047627,262.67848474160814,497.27356189059446,443.2337923886683,683.8062221002446,208.00938922587508,645.8271576240194,504.28844157147273,697.2486147682905,449.31242918306793,412.0945484312572,665.2850384063001,402.3058339749529,627.463286529178,546.9899132655877,562.0681652320102,821.7546333556605,362.88071277126085,398.06390598564053,655.6899308397282,570.8555918129114,217.03611231292498,561.3747601831182,954.5345391860584,0.0,722.7906089655303,278.3019969963119,177.84184437097355,887.8568830941146,909.155566263548,0.0,503.09780518257213,448.17891854354036,0.0,0.0,44.713988337214346,24.414786923604765,483.7387996693946,0.0,228.88219221304868,378.5237612171472,816.9061918799518,0.0,703.0943188307235,894.4419297982628,498.9634377523141,282.3421006855117,0.0,0.0,1035.2985987502052,587.9638614908998,337.87799135278607,416.74484367099905,522.9960631261769,600.7711116289057,726.6132721422528,0.0,215.4123819937622,0.0,0.0,236.2549651024638,453.91607083887476,309.6292335059205,589.6903967750934,382.1467487640617,119.42799624806233,0.0,457.1671234240739,201.81191049108057,543.9160581612211,0.0,272.54524512626915,626.975787674317,413.2733276533454,570.5561488359746,786.8564551871515,657.4795755058981,540.929343554408,18.74268951085088,252.78381962944837,0.0,714.6164826888819,614.6332302153304,411.6926356745025,576.7088292912658,1249.608924218459,883.0925296783275,364.7195752692778,470.4711821779422,463.28285996460886,0.0,75.28735633240694,800.4658402895788,408.2817227854798,50.722269605738234,0.0,0.0,105.53234134659647,238.79808692353174,105.06572597916454
3,444.9478596183501,402.5149193771341,426.2803684438841,451.056317403988,554.6490289721381,145.72197628638912,670.831484114901,592.2079272022628,722.6677524560251,515.4026370989308,421.61903133747444,690.6069523475886,330.5284325053099,591.8749120500747,447.70153432516327,542.8308482178612,817.3487770898957,292.33761207204054,426.08468103964356,666.7611014897466,573.7814461212987,313.6456422347186,541.2601281209675,920.3443838958376,0.0,691.8031426496048,247.14492899879906,191.52195724127722,912.0179921147791,962.2703715632217,0.0,416.0836631810851,414.29860465233315,0.0,0.0,0.0,0.0,511.5266810007779,0.0,272.85082974394874,346.6565686765926,783.3585616364677,0.0,649.3639008464118,933.9701227505485,530.3871183109931,265.49483974302257,0.0,0.0,1046.0587334392865,591.1659920851662,335.80669854103104,411.92452081366866,596.9805243653649,513.8130023656222,776.7768930472864,0.0,225.9664721549796,0.0,0.0,310.4069833734083,426.2501734210827,227.0287006398812,558.8298688688974,338.39699160046723,99.02562058499325,0.0,500.22096390192814,107.75829640335587,499.16417810891346,0.0,206.60896837585503,565.6698133410506,333.0062006803688,489.2322733034628,804.6926615690431,700.5744417377337,567.5949668890817,0.0,281.6708101845794,0.0,687.552404878276,636.9857409438267,421.5618088143813,587.5810325319187,1217.748088944058,873.1835872838482,387.0784505133655,466.1739297368296,568.5740952605623,0.0,0.0,796.544586076207,315.9649327997059,94.85003299238468,0.0,0.0,125.45622979101799,237.95791386332814,93.42788182099173
4,299.1076489118701,463.8445903902866,359.2582654852276,392.3603450051622,433.0082922868411,84.91744795623953,623.9697335870859,650.2411841034742,709.7301489171283,550.3537242464676,441.1355611962794,742.5537897821965,257.4070044720843,610.5343197117354,365.3202641526818,523.394430951412,813.9763532022272,258.69568407555147,463.196118056111,666.0866255423289,602.0225951911686,386.6994811441876,511.9499985975363,864.3758516790901,0.0,645.145601421373,231.92028453933347,202.43306841218407,894.1290310044803,1040.0473548869923,0.0,268.4864450823221,378.4504076242763,0.0,0.0,0.0,0.0,529.4427419148078,0.0,345.01812131832355,293.24983777805767,715.7114048895178,0.0,615.3318057359522,903.6509690098562,569.2942932411928,269.3354874898471,0.0,0.43044920703340495,1095.0669462422777,573.3806281984519,280.59526061143504,417.3997955470678,649.5730384464327,477.05910088035546,822.3424210019064,9.303221435864259,204.02493225585062,0.0,0.0,332.4018148795916,418.845933506089,148.56062954962135,539.5805064481444,311.0931221520892,74.61439326963676,0.0,507.57117215216095,58.86847902199486,467.71913519981763,0.0,143.21577466280985,453.684942919489,287.4376948560272,387.48000187705514,822.5538857383044,674.3466518907987,576.9886913041728,0.0,280.5892300153101,0.0,629.457074106909,658.145640725613,409.78813762375387,627.7812065654132,1204.8751836992801,857.3077491282063,487.0288034777793,498.8200878580679,602.0856264257316,29.6103848501524,0.0,797.968924123063,236.551650102493,138.37021739052682,0.0,0.0,131.83751337056225,174.32101800664066,98.94037857788464
5,218.58204103155123,444.94299996930715,290.94117793617636,349.9524334365127,343.0869338137442,43.81804448375266,562.5932382377372,678.2657120982499,705.0023461508424,609.1973934665691,452.59271562271647,822.0982773272872,172.0507492724306,628.1774778079731,270.0166221943164,475.27935038100105,772.4333974214285,262.1276902590109,448.1627243935169,636.8685906004798,621.4590529244798,369.5295820031298,462.5019653139143,809.5787906722971,0.0,641.8190145169335,266.9763392355592,192.97481784574285,887.0318555859642,1077.3166309357434,0.0,114.81896029367005,371.1100904927182,0.0,0.0,0.0,0.0,532.2100421536777,0.0,408.70379036571165,207.66612869865853,697.5946831611067,0.0,536.8844469615855,863.244003333777,583.8179250203082,297.4286462580061,0.0,29.54113737614813,1098.7560591601123,589.3279027371864,244.96229516665795,415.12056807509447,688.1601994762871,498.91115295039754,788.4070558340701,52.87515344669521,187.16360432310694,0.0,0.0,365.4120102696719,399.5467031432013,99.91737908195921,535.9780626160714,315.34934618626255,74.47296784572325,0.0,504.03401676425375,52.60885308320837,395.7290115071261,40.81029326872789,84.39051788931437,353.4031100252596,289.29218229849,304.656920023729,814.7894801294565,637.2761814339208,594.3412255540395,0.0,257.10627348918916,0.0,539.4074233132662,644.3421172691078,352.10835929639836,689.3765051406501,1221.318146343849,876.2400082818338,584.257260949666,552.176978765287,583.3297654403525,63.76381506182065,0.0,767.8497539234038,156.38737511484428,180.29760279000683,0.0,0.0,142.61687555783942,119.45118199339873,104.15016427348928
6,161.83131338712485,432.33590938518904,249.91869645763043,384.15805110059665,261.5837942009332,83.27437604917526,549.4840838753289,702.9057906736687,660.0735115339735,686.2590863375801,520.3021229633154,891.2257388019387,91.21473439497373,636.4176955787311,163.66134599043596,476.94491028330975,706.8838628182751,266.0571377197516,418.2930779002829,603.2705829775244,643.4019824264244,365.0278367016304,422.4960125374513,819.0108547782704,0.0,691.5678092761817,321.2910451056306,121.22274995616846,923.0843772986249,1089.1550536004524,0.0,0.0,371.06522259692554,0.0,0.0,0.0,0.0,548.3335803000444,0.0,368.0672404484551,132.44216722958566,714.5005705402297,35.963507673986555,381.57469228017027,834.9894756700323,593.4656113384673,246.16238539033822,0.0,43.91197998772435,1075.470467551454,641.7989224492815,207.64299828333083,395.2196493334334,711.0977677088746,519.3949423479295,657.4484910410312,107.28080062023776,199.02080664899916,0.0,39.46139390154798,398.29319731167976,422.9077527423975,129.35557536385085,510.6980508529193,353.2392667139426,70.99514021515301,0.0,486.86899960182814,39.73915972627697,334.4244380676518,162.28692631049495,52.46763577318802,291.5325755863464,296.8085586352384,305.7781093465961,815.508352365032,639.7884835831846,615.5843759780578,0.0,219.22214788914994,0.0,491.78331060247876,597.4664786323658,291.63696897445755,777.3108381515228,1228.556465954854,902.043961737665,658.4118124546335,586.7408559094488,601.8166442003271,38.455103339519155,0.0,776.5577841516017,93.64220446709271,183.445303877101,0.0,0.0,187.98466308384542,114.57336174384926,88.06167926482999
7,147.1008732800183,409.9699347257783,244.20916290606584,447.1027305218432,242.05479220872098,108.64529735757026,525.3471622427729,669.214905046095,603.7135944022264,760.8425767872834,548.7316684581643,894.6471914274957,18.949939584416825,619.8201757706847,108.41211557556187,494.0776054912267,661.3404274192491,323.8789711918889,366.84134417371797,536.2434934556359,671.5834387126928,370.77355405442427,413.2355640082667,872.1799864568964,60.79947657547115,699.1242220853053,313.98521942188955,92.9163843917438,988.2685520893975,1074.9201864304737,0.0,0.0,333.13878736180396,0.0,0.0,0.0,27.499395774596508,588.5699055138962,0.0,270.8985022002563,62.29585558301011,699.2851356416393,44.37152843716228,316.17385049582333,817.412319033274,588.5507012472484,107.74848846288319,0.0,37.87815104540397,1102.3782125115995,662.0113654842733,210.86084505355535,368.67055492418086,733.4099879012886,557.4317794845297,526.235668089233,259.20299898009716,240.7803074880626,0.0,136.8591020100385,445.8538720044573,487.7085268921995,186.20246816823186,474.2852781675115,351.98153186187693,54.71821756343115,0.0,451.1613405807133,41.63507871398724,316.6812043457006,246.52514630815025,42.45530824818559,278.6218958386137,264.3158201561995,366.1653158053231,820.2742153675134,678.3861135152447,605.4468177001961,0.0,142.37882497450866,0.0,476.53186462061416,514.3092300185388,219.79029738483675,899.9960093480872,1209.2006307786428,911.3946365756067,747.234138252737,577.8722339390796,690.9369738135642,4.644852558379,0.0,800.1871780324454,103.03336822266937,147.071498737264,18.499098555188084,0.0,189.11016801467662,166.2340716878718,71.50316499242604
8,145.51346352643208,427.8423735056072,228.1927219925906,535.2914793276755,259.64842711581,61.764834024909646,487.237129220707,620.471239983772,513.0208663482282,741.7618622762125,480.724222612797,884.7541991472374,0.0,571.2486144216481,76.5117666897923,497.50729759454885,667.3261154761926,448.42807217026126,376.1938492309076,410.5847094805983,656.182563865759,417.4223853265899,374.67970246603653,948.9648302337805,132.24156879534647,718.5612909725777,323.5118115768679,101.59862486776512,1038.862295337913,1008.7995289084723,0.0,0.0,313.54438080729943,0.0,0.0,29.401612477516665,0.0,651.467943316474,0.0,208.5795139660888,43.84197623646617,649.6952487002953,8.343301013464327,284.2118469579752,812.5921730856694,556.1087766283017,0.0,0.0,57.04071297610466,1063.6913808926765,645.5008185059089,242.8616141595004,336.1563789519311,739.2709801788174,561.6390981210166,441.93861771383877,384.6617424122042,286.8339404241989,0.0,192.10909068337273,500.1992043681146,571.9144319441773,221.06177410360226,447.58081493491153,300.2275216956261,0.0,0.0,365.0256425723632,59.02546677589066,374.85785443425493,336.1421995359104,0.0,334.5418925656054,205.67077163652448,430.73243573619305,825.3123736947971,696.0956921025357,611.2211098164116,0.0,30.38472314108685,0.0,408.1013697751997,431.8748484539441,218.2562421769802,990.1525806515349,1187.606109129878,950.4104542640209,865.7239889455742,607.7404655782376,754.3752961634565,36.80737313477158,0.0,835.2607795062795,114.631162183649,157.3995121183011,69.7470356492239,0.0,212.49899641060523,282.51991873731475,41.01322355370792
9,96.53457141286805,415.85745162435904,198.8769357826057,605.4588861370052,268.93260269866363,0.0,470.1917955601868,592.5190810721758,391.4506272672897,660.7983472457099,448.8640704844853,834.9287934431364,0.0,556.053280509311,47.493830035211204,532.8575582100939,694.2513939684718,564.0414965213057,441.9448635438554,304.39125058369575,645.806156498807,474.6962831520044,347.35735612665104,1101.6768395602053,199.81840797904832,765.3709882169303,345.879187088553,156.56395924660197,1044.638786569304,890.9077568564842,0.0,0.0,328.9205991210424,0.0,0.0,55.8977804845635,0.0,679.6746735894403,0.0,151.35919537356256,2.844331235906793,594.0705665819612,0.0,237.91506874027337,879.1820720468944,488.3438617655677,0.0,0.0,128.57344548026907,966.9189591845548,586.5404291240416,306.04254459105147,377.5408766505433,712.008815771399,550.1776929911052,462.3241514649216,444.1722768496378,280.20162292241304,0.0,188.1807738102977,552.79168854971,638.7452956880733,263.0058092394433,505.41427047449014,285.5829063178092,0.0,0.0,270.46729319105305,103.84643334413977,416.90440152787045,420.6503580140018,0.0,416.63918073272475,192.3499966392685,478.18043036995925,725.7035565204835,674.6606563591698,632.85478027756,28.928823288112312,0.0,0.0,296.5806078121915,339.3982993765777,209.88534273689575,996.5879072351589,1099.3826018638483,1014.4282750367415,963.7925847766415,637.6319477641996,762.4268749701575,107.98447085942615,0.0,801.7394067188718,67.82859112053347,162.32174454454463,120.11829751533963,0.0,262.9389583518193,412.11241254158966,43.383271398041416
10,40.09568524541032,409.3053440535403,225.85505888698938,626.9929773184529,261.8203600604394,0.0,449.4635787441402,585.6304608637085,287.7328564083425,630.7462279446366,501.4100034048056,794.3936561479677,0.0,508.400321756746,4.942518116626104,538.2560684138882,728.5688191772665,644.9144261610479,492.472913695463,222.08263309995212,619.8118037699588,542.2215335371424,359.00480628821475,1251.554200638193,215.43748680185024,752.5057122093358,372.769126521434,206.50645322648802,1070.1869774342774,800.1327584176424,0.0,0.0,340.75468343462774,0.0,0.0,70.0876592733108,0.0,694.3580774672187,0.0,106.41127417974081,0.0,533.42338088037,0.0,231.82489346444902,960.6436573284898,386.33387523679653,0.0,0.0,229.0414707450907,900.0075476435748,438.7687473931602,378.83829825754754,421.72476310928903,717.0513253799654,585.905115285173,495.3946504465365,491.52063048137956,264.1693105878301,0.0,172.20505404736633,567.9133077173067,694.4284750171897,305.5069187461143,559.882511165071,310.44798183728955,0.0,0.0,195.06041698869268,141.34880071506544,402.34304745770646,460.83988251295426,0.0,429.59685679202164,185.18548808462793,498.01585674052683,634.262735739489,659.5197347720149,579.237668243534,44.50855767438213,0.0,0.0,203.1055787666095,290.08757250318126,192.07546963626618,948.376698479011,1078.591735724517,1040.144212960816,1019.8887282169728,650.6820906061271,749.139948219545,162.22684357071523,0.0,746.4823033066241,51.80045857536982,110.76731409902055,141.9594554361987,0.0,280.2695394101068,471.0884214063314,17.290469291829936
11,22.849753111434893,408.23072815876964,252.8677277336311,571.533453083338,240.8124777329444,0.0,429.5965287227321,575.4790634965909,183.1710364511136,633.0809189519246,534.8294095707506,775.8539752041115,0.0,399.3443202449796,0.0,553.3029758561092,701.6337015047111,692.3643705259299,560.4343987645963,162.5736343854811,586.0003288354744,624.9068838484222,378.7098562202264,1295.4207489249814,244.4879569771013,642.7991567803067,355.42392665370505,250.4274118734662,1068.9596861042494,711.8152844175095,0.0,0.0,342.1594334427801,0.0,0.0,9.83065555535461,0.0,673.0334632132193,0.0,117.73152134166446,0.0,495.2977277888616,0.0,235.99946195447058,948.2618002914999,292.72205712831476,0.0,0.0,298.34014525576424,817.3659802848406,339.89539711371157,444.39645122693884,439.2327608858612,783.6724306489591,578.0233963810812,489.4265824574957,540.7837392385011,262.12078252704384,0.0,158.6401215950179,577.1523359064183,725.9118082553634,310.3972756862867,603.7954507893253,316.2931845481241,0.0,0.0,142.7402038317295,142.96459962533498,399.5588823537932,463.8382415121887,0.0,452.6422926448123,171.7444663553387,532.6981391277424,537.3544609573161,632.145515922257,447.2473668657325,33.242322352607346,0.0,8.677163904897895,151.66770897754168,302.001523405209,189.8478140989808,926.8359289125465,1080.6503259210635,1066.6859166025326,1083.602950890749,643.5868205561788,740.2805589537788,211.03087125553336,0.0,746.6803984603096,101.50623762202406,83.46687095604432,150.467475654997,0.0,289.95511965261625,466.48441067640204,5.688324830102715
12,109.3059163377709,417.8688100105767,280.2207117108531,505.4735702701839,220.01017732262855,0.0,418.68965262404896,599.5742095589937,100.70644940842078,585.3462912061633,516.4167997204352,764.34992566536,0.0,292.2794105223137,0.0,557.5486997621149,679.7735777428095,725.1476097883183,591.170065089343,135.51358297514741,612.3226122747791,721.2769821711397,368.7697117963402,1289.8649162625086,295.8571420029998,502.73118966319527,333.9442331604626,278.6945284929819,1038.022224490158,641.6171257926362,0.0,0.0,343.5582310711867,0.0,0.0,0.0,0.0,628.487756433923,0.0,115.23761800595747,1.512052488374195,452.31092612534616,0.0,206.17264302234864,913.7626896807151,300.5071166885107,0.0,0.0,339.59671504330555,745.8107041770394,284.2910457364688,476.64270472305304,419.20857791121756,825.0541412707826,482.0306986537912,482.9811898725683,614.8352863080784,324.8898832317791,0.0,194.71000583388047,613.0018709925363,763.042597635103,294.7730781275593,640.1480838586027,269.20485711026237,46.55728136250008,0.0,106.59624924948685,182.04170905920284,467.45734900147204,440.27672141934363,0.0,516.2253886979831,133.9255649863262,563.5989160109223,412.26326527631977,614.5033688600171,271.84583745445366,0.0,0.0,15.100297594081212,178.42495757202042,280.57588944588645,166.5785342572933,894.3402725046883,1068.4084159306162,1089.2199348305269,1144.0785102112281,666.3863573316719,706.7100295208953,287.46880839218306,0.0,793.5878486333334,146.92124179735455,59.57269916465168,197.24604457531387,0.0,342.6370001350903,477.32224639343474,35.96835252171445
13,261.9432762719098,490.6535871051432,278.01930426651376,519.4841646896858,184.19594990322716,0.0,411.11209816160255,649.9507130489278,117.42790258687796,543.685839282579,557.2420010614152,722.2836869735082,0.0,213.75979560712796,0.0,511.8153378423296,690.3962496364461,726.8830717797808,608.4436235090641,157.4374242446675,685.7719709575398,783.596989102751,320.9501169797164,1303.9845223753682,363.049853111313,409.1795608347833,278.6319594920758,302.14374433820154,1044.5622080861235,603.6436497931979,0.0,0.0,333.9699363788475,0.0,0.0,0.0,0.0,606.2387054836823,0.0,27.291496870436617,8.204411374553501,375.55140577862727,0.0,184.3328382342629,855.534476052035,311.7070984314983,0.0,0.0,402.37603309824243,649.2948986105047,298.5569643456952,508.3488488164492,350.2084191699503,817.275444845588,359.4499610538095,512.2994292549761,663.7561843445637,398.7022220201582,0.0,202.21893446861537,682.9027562227478,759.9882751162686,273.76672683686445,672.4045062564838,222.96006143435008,63.55342544685584,0.0,110.96153644326705,208.95946557961946,589.1273880379674,421.16335079169,0.0,517.2532670735513,124.34261835235174,602.680078035123,322.4719056341926,607.9674754166126,189.80623309427187,0.42960337887848254,0.0,22.28437069828368,241.76518242437837,181.82594301415207,164.97664727137186,920.8925656167696,1049.5550879362625,1099.279213046044,1190.369360295315,680.6378135997152,619.6701042048247,355.21419980104895,0.0,841.3232483540381,159.10789995827784,46.29502418497475,254.8389769055077,0.0,426.15427073830205,470.14393080276955,44.57859401542163
14,386.01952562487963,603.0221100820208,281.9324764493947,560.6791481042111,117.66472970637804,17.99128226689612,419.24096610024515,735.7537131742415,125.61448790235218,578.1819925091643,662.6026673054193,642.9191353269202,0.0,138.23733133488366,0.0,473.34250028644993,664.4593882505984,664.3260795495364,632.2606175951141,154.2410579476512,729.6940875916009,820.2181230911689,292.8844450030555,1338.9641981003551,388.2614601399497,367.2594018231894,268.70648192016546,357.89296739632573,1019.1766033597326,588.4524652017044,0.0,0.0,399.5319717316977,0.0,0.0,0.0,0.0,615.6121426969778,0.0,0.0,37.418924987872856,325.97176393406903,0.0,173.57829127898674,774.9130158891724,324.7252074939299,0.0,0.0,403.39298541376075,572.009569967385,307.54314916100554,535.4618521537561,358.6197659894639,780.0461118117271,294.7980959401511,532.9235308603782,707.8055123805591,409.2136190209719,0.0,174.08801105975203,742.0400385225353,741.4994091948006,225.60073423325952,708.9383358006379,215.61505624484732,36.28231200254925,0.0,113.89478268137947,230.07933291320649,683.2019194351386,373.3444382582646,0.0,521.5096702986082,122.73735759200105,634.5775529255736,284.9443519435662,583.5624448965389,214.853928288221,18.401474031961186,0.0,61.885877202546794,238.63283981277323,81.57070834113568,158.48726374822317,951.3858569883942,991.9647666848175,1131.0974792909258,1242.3633430203924,678.4384082379503,518.6564133623724,390.7471345820554,0.0,805.4085548709048,137.5181268064464,17.175323461034168,319.96820806756085,0.0,458.21321158572016,463.3137721400458,51.225246279349335
15,516.7274439480776,686.991630711723,299.74122563928273,582.9274841681711,47.90151968581455,76.45514023496673,442.2912744746995,790.6107789384039,123.48748324602343,619.1191090000837,763.7348108974631,599.6030044116627,14.136231311961922,70.50457404774227,0.0,430.88882509580105,625.6385048205037,637.4621428678882,652.1748135455937,163.47745663495232,732.9419204309241,815.115328443824,317.73401700761144,1379.7445058787582,386.5680820668296,314.5313979321239,347.3818004503863,345.97126588863796,982.282065077672,590.995191295417,0.0,0.0,530.5665094300299,32.52041607672663,0.0,0.0,0.0,605.7945482840187,0.0,11.021279549890892,95.62706963423011,286.7450813480568,0.0,155.9062887816433,708.2777484049273,368.3084233783503,0.0,0.0,389.0213919608325,514.1259284313942,250.39339412671353,516.667381106399,432.3100562889288,716.377291606613,304.7250899971351,481.11360859724186,747.6193610125783,390.6985113961901,0.0,151.1761191270418,801.3263302175926,683.819762246381,168.28529176042835,718.9029388472579,226.49966453857746,7.3108577171734055,0.0,101.40904945875968,275.1373314964793,680.0499661744464,292.9227484100634,0.0,506.1341918066199,113.89492222126756,646.0325553772634,273.54900326359194,539.9232773580115,231.42159332256674,0.0,0.0,108.9114953474957,186.36993170676135,0.0,122.05008123741493,996.4688761318123,965.0161612746234,1154.3480765659046,1235.4881840422893,633.732248159776,455.34188260178803,386.23822770327143,0.0,730.5939667340815,106.74282457807044,0.0,361.94288118188507,0.0,429.1647129590905,395.2594396381117,34.3869669758314
16,627.7245027565546,654.8233730603114,296.47167341671656,627.5428502711884,1.1073127757571797,173.9327322714224,471.3216178924667,741.9661209410981,192.24398215521427,638.2140526726885,794.1042449677947,548.1044285898231,91.82058329027308,50.04605358452994,0.0,408.9138019053468,588.7314224528217,692.2023668930108,680.3257332354576,171.91293964439012,714.2534176864517,747.0386582638623,370.09027555207825,1409.883192558032,370.7696133221831,288.65312065992293,442.2221976771186,320.2342507408677,970.9634806055744,618.030157331154,7.192345994715083,0.0,595.8987093210169,140.91748419308354,0.0,0.0,0.0,604.3559867082555,0.0,50.56801943989524,108.04457920924995,215.58829420836653,0.0,167.143887646645,637.9544548135528,384.80065980094685,0.0,0.0,341.80843093118676,477.22197678654106,122.99692636758206,532.6583321218903,466.22183650331317,694.8447602044544,323.97660649234285,353.4729122698841,732.1768776447859,347.88952958916605,0.0,141.35167256926513,836.6762431246792,648.8964412400354,199.91011712601704,720.7930697312942,206.70074043829305,0.0,0.0,99.5075522532195,310.7642370352853,573.6696493698021,228.7361349277875,0.0,530.0475315455196,110.0938748892313,589.898190164303,306.68705659470675,508.78568394313186,243.78704530617006,0.0,48.71251129842335,159.1918088243612,143.77830392729226,0.0,82.81074914386613,995.8643940987752,983.779350692054,1183.0994042931006,1206.9095037733027,543.6004888386552,427.2048380191273,317.58446479003334,12.196707049173654,649.2824608597751,66.56248907730622,0.0,407.50599624157576,0.0,367.7693929802224,349.30046362944194,0.0
17,730.2559391125757,592.4891309560628,308.96639737668545,647.9027427373999,0.0,248.4116203695764,521.7597736861372,691.5736514788227,284.52051290646057,642.1823593808679,786.102524685879,520.9880782031507,41.476084321075746,111.5700578078526,0.0,391.836000123134,546.5369556987082,758.7989234598275,687.9523970814388,180.293596826133,748.141664708988,637.9251720699515,405.6702300619237,1403.1967600620637,330.2038065544819,287.6283456273685,493.8407160399589,358.2587658592743,909.8013116044154,635.3005587224498,81.6146845973011,0.0,591.1830838810624,220.7293406936672,0.0,0.0,0.0,635.6793389398898,0.0,25.308370987807677,92.3628644362305,114.69032167413303,0.0,158.80101535265743,613.9295949973371,412.26912053135106,0.0,0.0,275.2896537990441,425.2015554097349,30.524842422969414,593.3625950770306,494.50122020438346,714.6593274737811,309.29744396208264,230.94715704870157,705.952308634425,279.90018808640343,0.0,91.69960633954412,829.7523625412392,645.2856000473312,282.01438329933774,681.7247320242566,137.31943875220654,0.0,0.0,152.98113163791908,370.9927892800136,517.7984247825582,178.61925265719634,0.0,565.3419448232273,85.65346127390376,501.2197092275766,320.3486475111521,508.18746827233633,246.88996996837113,29.207695350160748,119.50603501185552,171.05279043701492,141.93689269824696,0.0,97.59784256646913,960.921642654968,943.6702031187757,1193.9124695379537,1176.6306663733521,511.0710459959711,409.56206404823865,243.0978748650349,118.244824437425,589.2215547091889,0.0,0.0,531.8696780694153,0.0,322.24426479615636,367.8071188083574,0.0
18,759.8103399220691,544.1069596959007,354.36628898284636,656.9572869069457,0.0,254.306413719999,525.0848849794776,659.7645730904014,337.56040893778254,655.4337798203321,780.5021018176067,540.4505136731183,0.0,209.7720426260937,0.0,375.5331993584924,524.4299973960784,827.9877009230672,669.2562290601181,175.58333597551123,741.2585857214053,538.5230135552209,360.6700483024203,1331.7832905092478,308.5572355303595,323.9424457232513,538.4519142301572,368.50689561997547,830.3178581490076,648.973777387029,189.59050490074284,0.0,576.9241098166467,227.24598906366953,0.0,0.0,0.0,635.3004613586014,0.0,8.57638299789437,102.2625976928017,45.66572188597229,0.0,128.30854245511483,592.1773843217262,441.0428931245892,0.0,0.0,213.15884996630277,385.220023154248,15.661968027709577,638.8116052343362,543.840824350717,689.5411411867956,300.3910182388704,136.151366097179,694.1719249679834,271.5983338014735,0.0,88.04541495749419,826.2785120726958,644.6147817196248,407.3159296651303,613.8657128619489,66.913869789518,0.0,0.0,236.1878298031415,388.42678820781447,534.0714267730982,178.17625906893312,0.0,588.9121524115792,65.05691155723082,359.2425423031757,316.7868011881915,533.2539110927773,264.6130648269873,112.368531645409,204.34337312942816,128.25341338372652,176.40385707904431,0.0,99.8763355620647,1009.0514692534903,869.8652358658135,1155.2244615636941,1109.2234744779507,487.97759002019814,358.34894243071886,151.44527852720975,265.9927221300958,486.2221120036975,0.0,0.0,601.7761366895681,0.0,319.78455322222845,367.90535335818487,0.0
19,703.7162518494556,516.5791714161753,406.85862142412003,707.6919366841784,0.0,227.3544626601225,479.68673849364103,622.3975301088756,404.1418997673271,632.3690906920475,786.9715829006898,558.7568088901164,0.0,318.44400974272156,0.0,369.12273087598584,583.8980783455156,930.6952703813847,665.3168113570517,147.55724712725583,663.433223969699,492.50954441753186,303.3213503469457,1225.0402739547383,354.3383331636981,316.7499925841144,490.2557120444493,369.2447966948471,758.159924629148,623.7217506239604,243.57938753578108,0.0,567.5777938107187,246.99571650973925,0.0,0.0,0.0,635.6260582006895,0.0,0.0,90.58012191949013,0.0,0.0,136.43962416374848,550.1025045763911,448.61302840882314,0.0,0.0,229.92347601611323,377.9713947508129,23.68644077394856,664.2406746645943,566.0896247791795,652.1297059003083,338.77795817220573,141.54544627290613,694.7849679376761,263.9141094452365,0.0,178.16846700411827,842.0294832240893,625.0707113023302,449.13091205622726,568.6156111833186,49.791174297266025,0.0,0.0,306.25900547059894,329.32703660195256,547.3425577953082,244.4559147774758,7.473326185486769,608.199829352362,49.68261741080039,247.01327611877667,334.62794831777705,592.5180262864143,304.44051585865543,155.21689185518153,278.94445101138035,130.1781693481802,244.66783828088654,0.0,82.14840099021978,1060.5151424842297,856.0007287743356,1195.6567971772024,1033.6360793085312,486.36011390996515,333.68665930286903,36.75626941320087,380.5065443959793,449.96278833744395,0.0,0.0,628.0323936819561,0.0,307.7465382287149,339.60003754637813,0.0
20,623.2418039141943,454.8554446087378,399.1053667971843,718.3943221906162,10.836044206168879,162.43739385947424,417.64440602296975,561.3717309099702,473.68183439615103,545.9345360117036,815.1924459873054,501.3879398595816,0.0,368.5053457939116,0.0,374.6554083776621,664.429749319783,989.3318658735282,644.2020757543988,59.6124494490839,579.2762688164462,498.8484137167823,273.1650508978661,1138.0753461550225,421.2176171762343,244.70493870681642,403.22518919898584,440.3361725690554,727.54086681693,598.7531141854865,289.7133890923005,0.0,569.455595865205,301.48874163579467,0.0,0.0,0.0,553.179990428343,0.0,0.0,78.65531800660835,0.0,0.0,125.65386950684655,559.7120138912646,479.21549053411763,0.0,0.0,334.50236866611044,392.9835610013884,0.0,660.7778516408401,537.1709512840132,659.2209866232716,367.73426390221573,169.87881632479133,714.3242298087009,209.24503112938137,0.0,313.76114696121925,839.2914073793802,607.1346257163711,437.89122173465756,471.9961236520244,96.13073565033835,36.15388322017509,0.0,354.60992647112937,321.24351508564985,610.0376145632825,332.6779222092801,27.678666654782887,675.8074895634024,69.74336494269551,228.1701016681236,364.19857324774057,686.82182498293,366.16259227854016,201.73952213156363,275.688279930612,110.65693989335989,321.9139996114865,0.0,114.56035659528814,1046.9380917018718,882.919007253605,1287.6046182038435,922.6428701874077,462.53850577999685,307.6714112957666,0.0,460.593561627291,483.67385561023826,35.95920276858254,54.818441528387496,657.1449899060651,0.0,227.55330145999778,313.97037709767704,0.0
21,572.9342355580332,381.13168344887697,356.3019719711139,660.1218694887015,24.15662162203415,142.72049363318263,360.15170136455,539.8435871911279,535.0615829722028,464.6488284326266,812.5041208603382,398.88737320635505,0.0,399.8440994512643,0.0,403.4245587379229,672.6306910776271,1019.7716076665853,596.3097036204929,0.0,531.6197199054857,542.5594821003453,204.36261803678332,1084.9136956429131,472.76829733983385,210.5562199010142,353.1769762159188,481.5805643746346,788.6919485144147,621.7872401933948,320.10428504770556,0.0,587.0680119535662,417.27809573939453,0.0,0.0,0.0,477.5671800092221,0.0,37.12062174226537,135.6426815688049,0.0,0.0,126.57447607966708,564.489063973442,519.8102452711004,0.0,0.0,427.6592209057958,419.26995836301955,0.0,712.4545592334773,505.84582333774233,687.1509603527591,349.26221289372813,165.05507775419358,658.852203806348,144.43996239641336,0.0,428.983796295261,868.5041477089806,644.4852609604054,431.38959830054665,354.41578676731876,206.58167471870445,156.29749249155668,0.0,416.2421571789313,343.88263173950537,656.8676791997032,408.12034207956657,50.08840986751346,724.4957751054112,118.19074814095052,230.17764791473502,351.9327311115862,726.3369986855331,392.44488977758186,230.40138437969566,228.26343944595158,79.7695907511486,384.9725066859107,0.0,164.9238156657387,1041.2346671611338,887.6563071638325,1312.2712604103235,839.130375797122,431.18780069445296,342.3358177340772,0.0,451.7192718067888,513.7182529830445,113.83140137279116,121.2269157562306,669.7926431900933,0.0,196.52389683732602,253.2028818608607,27.56468093204535
22,608.7117489560026,379.1537781876659,258.6702088327421,564.442901245367,30.337339403470537,201.1488647402707,346.05794098604326,553.6354353138688,583.2446781712451,434.42763880205695,785.2087177362184,343.0311790463782,0.0,381.2713116087573,0.0,428.2434869767703,614.8306397960396,1035.7929124893226,535.2516986864582,36.091749381519094,479.5455606161658,550.5610048109879,130.0557639044029,1074.48301839629,517.7552028778583,243.79552423984262,331.8456497334322,502.35488079581455,867.1734410900941,686.1137274302911,340.4821394123266,0.0,597.5871847459769,496.0551137132313,0.0,0.0,0.0,442.8210794144504,0.0,10.779438918772144,170.6135759042452,23.225377637134784,0.0,127.75779095432242,575.2977827822849,522.0966720375392,0.0,0.0,518.672927265144,422.8946483078798,0.0,822.7153664718257,511.6079036829019,720.103091482877,332.0097506863446,187.5815982711352,605.2640329480031,117.9885688800563,0.0,489.3634558120684,954.7001085790412,667.0247886322147,427.1164336475805,283.1591296779525,270.12785970280345,291.77671437992615,0.0,460.51032072779265,358.87393982911755,661.3858984854157,461.9517706917095,69.83108484071874,714.5376377167969,200.0667794430897,218.95596788777456,328.2529177695908,732.9360551466267,301.435571051952,230.41506129839325,165.22703806347857,62.51787780263112,348.32776185425143,0.0,176.02220627854464,1043.1605043168818,853.8743558007526,1228.2968649338954,831.4188828169046,393.15645879230703,411.23074069132724,0.0,376.02188756375784,496.92899796778073,245.791221173111,147.02461738992614,657.7017327274415,0.0,211.13589364466634,207.32110982594014,67.4950350037791
23,623.9275872097285,488.7040843230786,172.43367817702236,560.0062562939443,12.043345031939964,253.44542935549663,372.6330728550693,575.8133670174793,613.7495796102754,424.53609930956304,798.0610750894188,330.32320310159946,0.0,384.0245385534889,0.0,474.0533041256616,533.1322090571358,963.6372053710165,469.5726682689909,115.42011791887248,479.38724302525935,504.1021652325679,35.47066133814087,1133.3384860143826,530.9735055546878,296.95893454231964,291.8152328907512,550.5083910178208,894.9403719005427,753.9592165161735,390.8648532380243,0.0,640.8742635256924,540.714414731284,0.0,0.0,0.0,464.75830313164624,0.0,0.0,191.4069263880827,82.49394312409277,0.0,100.29931543625605,595.6918888119171,561.6760502716006,0.0,0.0,607.0935465258277,428.2449620854711,0.0,882.2406143942587,533.2969561237164,750.2739943896415,271.2476511925827,200.3526332766915,652.0047305473411,118.4720694887873,0.0,474.44699370844205,1066.4285349562106,660.1869702523588,441.37808189846027,276.5530917493782,307.7038846248321,310.7845998329527,56.042288815866925,507.55601141325997,408.6830640587576,705.7586301228949,528.0122781632008,101.64927675779188,677.6446602436295,293.7472017670334,204.27073314808484,347.3218314762363,749.9201892336283,168.45114427367812,242.37651046891824,139.41611342168306,60.50897899830443,259.0632400220717,0.0,170.51360808455013,1073.8526130572864,844.2293230403895,1072.8907725271533,861.9962988518373,341.49872939229624,510.49418408059756,0.0,270.6422514075812,434.63131002259183,383.84918705228233,116.52501392550175,681.4524922431546,0.0,246.12784540912938,153.96136919999987,66.41731607922372
24,611.9280825163257,593.8979007421323,156.17983706157344,583.2099126408364,57.01755294317593,292.20813908444717,429.6781311622534,656.1218068606498,659.5639931961473,433.4157652329093,829.9044075085579,325.2937160509416,0.0,415.9650985632568,114.44396486773957,508.84612243104107,441.24096133869136,875.5264350852347,406.3723768467014,206.66353241159717,478.4614762463195,433.72886054613673,0.0,1136.4245252130136,540.1838113926071,324.5310220654502,245.1761557940506,608.3770005871213,941.8930426194148,775.4233282117614,421.90907254765034,0.0,628.7405867776872,570.2494790607266,0.0,0.0,0.0,494.1850765838535,0.0,0.0,209.9960353139631,121.21997692183189,0.0,84.3354520818823,664.3016319078401,625.8930497076677,0.0,45.38174359334482,684.5821991912001,452.3068014039668,0.0,889.9328453264666,571.9752901978154,705.7295556857603,186.61048490967815,213.92899505962865,771.848101527492,146.129007300204,0.0,473.94089761615305,1162.119396755231,603.9191259299836,415.59133474494325,292.2451757989269,350.18694774355566,280.68943262494037,144.79155198074315,562.6131626241873,456.55716057467225,728.4395871013694,599.4445730625661,126.39941901215363,595.4330822141336,339.415374684546,169.30596756876042,402.4164078005456,771.675424080119,169.31811940185935,313.4508969675785,148.63885543325898,25.630196474864988,147.0374700367064,0.0,182.30982160091207,1084.1995365089024,861.7450253489976,932.3726296326564,898.0654084098848,269.34867458424264,570.3633734855456,0.0,258.25743871876307,379.24947897833295,459.1832785875092,88.4238031727553,688.8167551583938,0.0,296.6654584535645,152.3003258863207,128.4348821622447
